# config/sensor_2.yaml
offset: -0.000123
value_at_1kg: 0.001377
